0
132200
1812300
-0
1050
-0
-0
1040
-0
-0
1040
-0
-0
1030
-0
-0
1030
-0
-0
1030
-0
-0
1020
-0
-0
1020
-0
-0
1010
-0
-0
1010
-0
-0
1010
-0
-0
1000
-0
-0
1000
-0
-0
1000
-0
-0
990
-0
-0
990
-0
-0
980
-0
-0
980
-0
-0
970
-0
-0
970
-0
-0
970
-0
-0
960
-0
-0
960
-0
-0
960
-0
-0
950
-0
-0
950
-0
-0
940
-0
-0
940
-0
-0
940
-0
-0
930
-0
-0
930
-0
-0
920
-0
-0
922
-0
-0
916
-0
-0
912
-0
-0
909
-0
-0
904
-0
-0
900
-0
-0
897
-0
-0
892
-0
-0
889
-0
-0
884
-0
-0
881
-0
-0
877
-0
-0
873
-0
-0
869
-0
-0
865
-0
-0
861
-0
-0
857
-0
-0
-5020
-0
-0
3623
-0
-0
3549
-0
-0
3475
-0
-0
3401
-0
-0
3327
-0
-0
3254
-0
-0
3179
-0
-0
3105
-0
-0
3032
-0
-0
2957
-0
-0
2884
-0
-0
2809
-0
-0
2736
-0
-0
2662
-0
-0
2588
-0
-0
2514
-0
-0
2440
-0
-0
2366
-0
-0
2292
-0
-0
2218
-0
-0
2144
-0
-0
2070
-0
-0
1996
-0
-0
1923
-0
-0
1848
-0
-0
1775
-0
-0
1700
-0
-0
1627
-0
-0
1553
-0
-0
1478
-0
-0
1405
-0
-0
1331
-0
-0
1257
-0
-0
1183
-0
-0
1109
-0
-0
1035
-0
-0
961
-0
-0
888
-0
-0
813
-0
-0
739
-0
-0
666
-0
-0
591
-0
-0
518
-0
-0
443
-0
-0
370.1
-0
-0
295.8
-0
-0
221.8
-0
-0
147.88
-0
-0
73.94
-0
-0
18.48
-0
