0
2.64399999944082e-31
3.62459527926779e-30
0
8.77836548694232e-05
0.00116830642412562
0
0.000349851787292884
0.0023238100493552
0
0.000784291610014019
0.00346661248134549
0
0.00138920552800983
0.00459681483960177
0
0.00216271108987554
0.00571451775747785
0
0.00310294089059429
0.00681982138217605
0
0.00420804254722958
0.00791282586089876
0
0.00547617867461769
0.00899363085469694
0
0.00690552678813741
0.01006233553847
0
0.00849427925509484
0.011119038600966
0
0.0102406431974932
0.0121638382447814
0
0.012142840467725
0.0131968326725127
0
0.014199107624265
0.014218119600605
0
0.0164076958344392
0.0152277962593516
0
0.0187668708501179
0.0162259598790461
0
0.0212749129834076
0.0172127072038305
0
0.023930117009421
0.018188134491695
0
0.026730792117662
0.0191523375144788
0
0.029675261814795
0.0201054115578693
0
0.03276186387603
0.021047451421403
0
0.0359889502478923
0.0219785514184648
0
0.0393548870239151
0.0228988058624395
0
0.0428580544203315
0.0238083085805602
0
0.0464968466788445
0.0247071529139086
0
0.0502696720423195
0.0255954322035655
0
0.0541749527304761
0.0264732393044605
0
0.0582111248426584
0.027340666585371
0
0.0623766383092195
0.0281978059289234
0
0.0666699567942913
0.0290447487315939
0
0.0710895576714773
0.0298815863898589
0
0.0756339319995449
0.030708409814043
0
0.0803015844251948
0.0315253094283191
0
0.0850910331344463
0.0323323751707088
0
0.0900008097602681
0.033129696590311
0
0.0950294593631322
0.0339173630417658
0
0.100175540367815
0.0346954633935608
0
0.105437624502627
0.0354640861738772
0
0.110814296748367
0.0362233195219754
0
0.116304155272694
0.0369732511395783
0
0.121905811371787
0.037713968388106
0
0.127617889419297
0.0384455582400572
0
0.133439026803154
0.0391681072790097
0
0.139367873872083
0.0398817016996206
0
0.14540309387241
0.0405864273076256
0
0.151543362897012
0.041282369568453
0
0.157787369829412
0.0419696135586091
0
0.16413381628544
0.0426482439656805
0
0.170581416554895
0.0433183450883319
0
0.177128897543206
0.0439800008363095
0
0.183774998713095
0.0446332947304322
0
0.213682918715616
0.0473635078328909
0
0.24531243881715
0.0499316282644079
0
0.278560333942176
0.0523442032320614
0
0.313327590790032
0.0546076448360355
0
0.349519320015437
0.0567282300696197
0
0.387044668409006
0.0587121008192092
0
0.425816731275561
0.0605652647771895
0
0.465752465208026
0.062293594529051
0
0.506772599674572
0.0639028266405055
0
0.548801549199131
0.065398563483255
0
0.591767326135292
0.066786272322107
0
0.63560145245124
0.0680712853149734
0
0.680238872305848
0.0692587995128701
0
0.72561786383362
0.0703538768599188
0
0.771679951918584
0.071361445106235
0
0.818369820572598
0.0722862968950384
0
0.865635225115876
0.0731330897626526
0
0.913426904357498
0.0739063461385049
0
0.961698492775933
0.0746104533451309
0
1.01040643269956
0.0752496635981699
0
1.05950988648717
0.075828094006369
0
1.10897064870852
0.0763497265715787
0
1.15875305832482
0.076818408188756
0
1.20882391086925
0.0772378506459648
0
1.25915237082529
0.0776116315372558
0
1.30970988440061
0.0779431933497892
0
1.36047009131201
0.0782358434638324
0
1.41140873736149
0.0784927541527576
0
1.46250358622122
0.0787169625830361
0
1.51373433220743
0.0789113717271354
0
1.56508251246091
0.0790787485377511
0
1.61653141853417
0.0792217248606795
0
1.66806600916535
0.0793427983477048
0
1.71967282265647
0.0794443315437139
0
1.77133988905402
0.0795285518866943
0
1.82305664232942
0.0795975517077423
0
1.87481383255958
0.0796532882310587
0
1.92660343810737
0.0796975835739393
0
1.97841857799998
0.079732125659681
0
2.0302534247028
0.0797584673046954
0
2.08210311570653
0.0797780253056068
0
2.13396366570776
0.079792082265022
0
2.18583187938281
0.0798017856786522
0
2.23770526317267
0.0798081479353169
0
2.28958193785913
0.0798120463169344
0
2.34146055036946
0.0798142230898228
0
2.39334018657011
0.0798152861437168
0
2.44522028342745
0.0798157079875969
0
2.49710054114476
0.0798158260965807
0
2.54898083541792
0.0798158429666836
